102 11 10
50299.99999999999 48100.0 0.5423231720924377 0.5481931567192078 0.33049118518829346 0.3674270510673523 0.23099692764379262 0.23602450796976931 0.2118319869041443 0.18076610565185547 296.08275870100914
63100.0 61900.00000000001 0.5965598821640015 0.603993833065033 0.3367384672164917 0.3692947328090668 0.27951039887121326 0.2865199654606016 0.25982141494750977 0.2346991002559662 269.1189328159578
49499.999999999985 49100.0 0.567857027053833 0.6366836428642273 0.36096668243408203 0.38510531187057495 0.2532607508993844 0.31837375988442157 0.20689034461975098 0.25157833099365234 276.08875384557047
44899.99999999999 42400.0 0.6431833505630493 0.6367634534835815 0.40642404556274414 0.41948920488357544 0.3249072997709618 0.3184535835137572 0.23675930500030518 0.2172742486000061 254.503438090726
30800.000000000007 30200.0 0.465839147567749 0.5431333184242249 0.3818328380584717 0.39903295040130615 0.17043620134480264 0.23168758997653496 0.08400630950927734 0.1441003680229187 289.3890115398302
57500.0 55700.0 0.5869014859199524 0.5950193405151367 0.3490304946899414 0.388269305229187 0.2705330317451735 0.2780686611965945 0.237870991230011 0.2067500352859497 258.1937257177254
52599.99999999999 50900.0 0.580516517162323 0.6328213810920715 0.36400359869003296 0.3866407871246338 0.26467873079481713 0.31452282645727453 0.21651291847229004 0.24618059396743774 272.5307322119838
45699.99999999999 45700.0 0.6527451872825623 0.6681804656982422 0.38638758659362793 0.3998907804489136 0.3346395274026556 0.3506528968463556 0.2663576006889343 0.2682896852493286 280.1446055165082
54300.0 52900.0 0.5517641305923462 0.6162742376327515 0.3703211843967438 0.3861289918422699 0.23910948812986543 0.2982894597801918 0.18144294619560242 0.23014524579048157 269.2248131209306
50499.99999999999 48200.000000000015 0.6263629198074341 0.6229566335678101 0.36614906787872314 0.41471004486083984 0.3081356598858229 0.3047933665827662 0.26021385192871094 0.20824658870697021 279.1451235468748
50800.0 52900.00000000001 0.6497628688812256 0.6385558843612671 0.36077892780303955 0.3944655656814575 0.3315886531505568 0.3202489422657806 0.28898394107818604 0.24409031867980957 276.2191159206763
49700.0 50400.0 0.6116412281990051 0.5964617729187012 0.40593066811561584 0.41384005546569824 0.2938213736603683 0.2794184708010468 0.20571056008338928 0.18262171745300293 264.3709515056448
55499.99999999999 54800.0 0.5506859421730042 0.5912158489227295 0.34577497839927673 0.3764876425266266 0.23817592546581415 0.27452507382664443 0.20491096377372742 0.2147282063961029 267.15164233071823
48999.99999999999 48800.0 0.5688429474830627 0.5946833491325378 0.38710594177246094 0.43517303466796875 0.25414094326494113 0.27775471410531133 0.1817370057106018 0.1595103144645691 267.36678926149375
49700.0 48500.0 0.6078835129737854 0.6129828095436096 0.3729986250400543 0.419460654258728 0.29022218707651903 0.295111730035163 0.23488488793373108 0.1935221552848816 266.092089322475
43599.99999999999 40800.000000000015 0.5361059308052063 0.5771200656890869 0.37370097637176514 0.3918339014053345 0.2257309476704155 0.2615906579388052 0.16240495443344116 0.18528616428375244 261.27571643763605
44900.0 43399.99999999998 0.5876774787902832 0.585328996181488 0.3583894968032837 0.38882869482040405 0.2712488946054064 0.2690852912851464 0.2292879819869995 0.19650030136108398 290.0068964697219
48900.00000000001 48900.0 0.6329028606414795 0.6414707899093628 0.3656938970088959 0.3959769904613495 0.3146038250732205 0.32317938600668566 0.2672089636325836 0.2454937994480133 269.1858094328154
54100.0 55900.0 0.654959499835968 0.6330015063285828 0.39269185066223145 0.4047927260398865 0.33691377887152313 0.31470190245905344 0.2622676491737366 0.2282087802886963 268.00746258266764
47700.0 47700.0 0.6038640737533569 0.6360639333724976 0.3538592457771301 0.38336658477783203 0.28639686936981545 0.31775428984295817 0.2500048279762268 0.2526973485946655 259.23348549136165
41400.00000000001 39000.00000000001 0.5964938402175903 0.6566671133041382 0.38270509243011475 0.40317869186401367 0.2794485161011368 0.3386728754052978 0.21378874778747559 0.2534884214401245 278.792037189013
51900.00000000001 51100.0 0.5422234535217285 0.5743891000747681 0.365909218788147 0.3993264436721802 0.230911987272736 0.25912079125167825 0.17631423473358154 0.1750626564025879 260.27677575995904
49800.0 50000.00000000001 0.5612004399299622 0.5249927639961243 0.3528752326965332 0.36453184485435486 0.24735795795840812 0.21646940152618288 0.20832520723342896 0.1604609191417694 275.3071012524014
56800.0 54800.0 0.5862962007522583 0.5858694314956665 0.378196120262146 0.4222494959831238 0.26997530546228193 0.26958241454278026 0.2081000804901123 0.16361993551254272 260.49184248263896
53400.00000000001 51600.0 0.6107962131500244 0.6027147173881531 0.39119625091552734 0.4167456328868866 0.29301007460933837 0.2853076878254212 0.21959996223449707 0.18596908450126648 267.22649569232465
44400.0 42500.0 0.566658079624176 0.5879981517791748 0.38610565662384033 0.4230724573135376 0.25219243349070575 0.271544995539422 0.1805524230003357 0.1649256944656372 264.18932605235966
54800.0 53800.0 0.5832817554473877 0.5666550397872925 0.3631709814071655 0.3952784538269043 0.2672062830946335 0.2521897277256867 0.22011077404022217 0.17137658596038818 274.2207140243056
39499.99999999999 39800.0 0.5454836487770081 0.503977358341217 0.38027942180633545 0.4236370325088501 0.23369711717913222 0.19948577529723424 0.1652042269706726 0.08034032583236694 281.1440911703463
56699.99999999999 56300.0 0.5733214020729065 0.5477723479270935 0.35483452677726746 0.3816407322883606 0.25815835789424313 0.23566228868266334 0.21848687529563904 0.1661316156387329 270.14995835646545
40000.00000000001 37800.000000000015 0.6178200840950012 0.6016655564308167 0.3802405297756195 0.3980863690376282 0.2997877798325447 0.28431526753318165 0.2375795543193817 0.20357918739318848 278.4600509947522
52400.0 52700.00000000001 0.47263479232788086 0.47435978055000305 0.35086917877197266 0.378170371055603 0.17544510602306454 0.17672809671510104 0.1217656135559082 0.09618940949440002 275.26169366622736
42900.00000000001 41300.00000000002 0.5454652309417725 0.5970765352249146 0.3778330087661743 0.4197096824645996 0.2336813362392453 0.2799947507052506 0.16763222217559814 0.17736685276031494 269.3640659033792
46800.0 42800.0 0.5936744213104248 0.554646909236908 0.3646177053451538 0.37874293327331543 0.27681304745492974 0.2416145455096145 0.229056715965271 0.17590397596359253 275.11633902769205
45300.0 44500.00000000001 0.522133469581604 0.6314998865127563 0.3394300937652588 0.360049843788147 0.21411788628826336 0.3132105881525805 0.18270337581634521 0.2714500427246094 248.20153101864622
53800.0 51100.0 0.5910434722900391 0.657856285572052 0.3704715669155121 0.3758479654788971 0.27436501448698586 0.33990060570784075 0.22057190537452698 0.2820083200931549 274.35743110038044
40299.99999999999 39400.0 0.6220731139183044 0.6045914888381958 0.3816092312335968 0.41503289341926575 0.3039294221265391 0.28708727268725986 0.24046388268470764 0.18955859541893005 256.1581542719263
55000.00000000001 54800.0 0.5700168013572693 0.5630892515182495 0.3619244694709778 0.37488463521003723 0.2551909066703993 0.2490258070340831 0.2080923318862915 0.18820461630821228 277.1154993860863
43599.99999999999 44899.99999999999 0.5710031986236572 0.5866429805755615 0.3890247642993927 0.40340813994407654 0.25607487152487546 0.270294767454904 0.18197843432426453 0.18323484063148499 292.3850201361212
45699.99999999999 43900.00000000001 0.5952348113059998 0.6004714965820312 0.3543633222579956 0.36762624979019165 0.27827008833925704 0.28318788848367343 0.24087148904800415 0.2328452467918396 276.2607463973121
44900.0 45700.0 0.5754399299621582 0.5999342203140259 0.3831847906112671 0.391668438911438 0.2600697679899109 0.28268134632800984 0.1922551393508911 0.2082657814025879 264.18932605235966
46299.99999999999 44699.99999999999 0.6342695355415344 0.7007344961166382 0.39160552620887756 0.41003113985061646 0.31596398759335803 0.385653144436363 0.24266400933265686 0.29070335626602173 278.5192991517823
48599.99999999999 45600.00000000001 0.5244964361190796 0.5465410947799683 0.35089969635009766 0.371476411819458 0.216060294890414 0.23460406136334552 0.17359673976898193 0.17506468296051025 274.02919552485645
48500.0 46299.99999999999 0.6132116913795471 0.6013754606246948 0.41397714614868164 0.42560911178588867 0.2953321548953146 0.2840411658096816 0.19923454523086548 0.17576634883880615 251.04979585731593
49900.0 48799.99999999999 0.5683118104934692 0.5649999380111694 0.3729199171066284 0.3820202946662903 0.25366657459067943 0.25071867369547096 0.19539189338684082 0.18297964334487915 263.00760445279906
49000.0 47399.999999999985 0.5643033385276794 0.5153946876525879 0.3427126407623291 0.36713075637817383 0.25010082288931795 0.20862663680129473 0.22159069776535034 0.14826393127441406 279.0286723618202
45400.0 44100.00000000001 0.5496430397033691 0.5685476064682007 0.3488854169845581 0.36602887511253357 0.2372746529461576 0.2538771138214656 0.20075762271881104 0.20251873135566711 264.09278672466615
47800.0 50300.0 0.6330718398094177 0.5991220474243164 0.3786444664001465 0.405272513628006 0.31477184008060666 0.28191649339996494 0.25442737340927124 0.19384953379631042 273.18308878845335
37500.0 36599.99999999999 0.6128854751586914 0.5684830546379089 0.3800020217895508 0.37820515036582947 0.29501801700529706 0.2538194676302397 0.23288345336914062 0.19027790427207947 257.1575392633862
47300.00000000001 45300.0 0.43724524974823 0.4226769804954529 0.424014687538147 0.4432523250579834 0.15015509785093792 0.1403159606371748 0.013230562210083008 -0.020575344562530518 264.15336454416024
53699.99999999999 52400.0 0.5549070835113525 0.5218114852905273 0.36336272954940796 0.38598257303237915 0.24184127221333182 0.21385388735922642 0.19154435396194458 0.1358289122581482 253.1975513309716
46999.99999999999 44899.99999999998 0.6684019565582275 0.7171653509140015 0.39990782737731934 0.43004950881004333 0.3508854067392277 0.40395080617652673 0.2684941291809082 0.28711584210395813 278.792037189013
58200.0 58500.00000000002 0.6159905195236206 0.6343228220939636 0.39298462867736816 0.41697943210601807 0.2980148721518899 0.3160170796556145 0.22300589084625244 0.21734338998794556 244.29490375363952
56500.0 55499.99999999999 0.6479067802429199 0.6597931981086731 0.3827272057533264 0.382860004901886 0.3296969510729918 0.34190507675523063 0.2651795744895935 0.2769331932067871 275.04545078950133
61399.99999999999 59200.0 0.566454291343689 0.6276439428329468 0.3466182351112366 0.37437593936920166 0.25201107325677885 0.30939733265732594 0.2198360562324524 0.2532680034637451 286.29530209208815
49600.0 50499.99999999999 0.5787432789802551 0.5565412640571594 0.34240248799324036 0.35627081990242004 0.2630642319819611 0.24326779660520773 0.23634079098701477 0.20027044415473938 268.06715576511795
61900.0 61700.0 0.5756686925888062 0.5717527866363525 0.3881576359272003 0.3958706259727478 0.2602765873846907 0.2567476405976935 0.18751105666160583 0.17588216066360474 270.09072549793336
48900.0 45199.99999999999 0.6197278499603271 0.6231917142868042 0.4023393392562866 0.4276239275932312 0.30164206696575374 0.30502344540084747 0.21738851070404053 0.195567786693573 267.67517628648346
48100.0 47900.0 0.6304065585136414 0.629642903804779 0.36079251766204834 0.389750599861145 0.3121269918612809 0.31137124820779655 0.269614040851593 0.23989230394363403 289.0847626562147
52499.99999999999 54100.0 0.6019392609596252 0.5085674524307251 0.36951982975006104 0.4139540195465088 0.28457400289117285 0.20313605145344102 0.2324194312095642 0.09461343288421631 278.1797979724624
53500.0 53400.0 0.6322546005249023 0.6552082300186157 0.3609689772129059 0.3774193823337555 0.31395967988730045 0.33716972305743326 0.27128562331199646 0.27778884768486023 265.1886121235224
56000.0 56100.00000000001 0.5519914031028748 0.5720771551132202 0.37906312942504883 0.40519917011260986 0.23930650784401897 0.25703904089038404 0.17292827367782593 0.16687798500061035 281.1440911703463
47099.99999999999 47400.0 0.5999053716659546 0.5803619027137756 0.37226590514183044 0.39070814847946167 0.28265416075222866 0.2645377607963107 0.22763946652412415 0.18965375423431396 279.06450867138227
40300.0 38800.00000000001 0.5782128572463989 0.5412260293960571 0.37019121646881104 0.4101564586162567 0.26258225301554394 0.23006323995124658 0.2080216407775879 0.13106957077980042 289.29223978530774
48499.99999999999 46400.0 0.622780442237854 0.6571561098098755 0.3895515203475952 0.4075504243373871 0.3046209810540027 0.339177458355078 0.2332289218902588 0.2496056854724884 260.06922155457
42499.99999999999 40300.0 0.5537807941436768 0.5769450664520264 0.4027341604232788 0.4356498718261719 0.24086054288094716 0.2614320385191697 0.15104663372039795 0.1412951946258545 261.0938528575501
47700.0 47000.00000000001 0.634006917476654 0.6552492380142212 0.3966538906097412 0.41487565636634827 0.31570239321451377 0.33721192975319014 0.23735302686691284 0.24037358164787292 267.1872002922296
41399.999999999985 38800.000000000015 0.5746741890907288 0.5586872100830078 0.39275503158569336 0.4285140633583069 0.2593780761622352 0.24514742728577368 0.1819191575050354 0.13017314672470093 264.27258654654287
52799.99999999999 51800.0 0.59759521484375 0.5884652733802795 0.39183342456817627 0.4491475820541382 0.2804814241599994 0.27197661226156516 0.20576179027557373 0.13931769132614136 282.0638225650358
48599.999999999985 45099.99999999999 0.5745291113853455 0.5123517513275146 0.3490659296512604 0.3903805613517761 0.25924713161331553 0.2061704085251083 0.22546318173408508 0.12197118997573853 276.02898398537786
43199.99999999999 44599.99999999999 0.5033861994743347 0.5129899978637695 0.38788995146751404 0.4015032649040222 0.19901806134518238 0.20668438943514592 0.11549624800682068 0.11148673295974731 285.3944638566067
62199.99999999999 61000.00000000001 0.5512380003929138 0.5018323659896851 0.3610023260116577 0.3895225524902344 0.23865370372264275 0.19779131475781153 0.1902356743812561 0.11230981349945068 251.3901350490906
45500.0 43300.0 0.6116099953651428 0.5791768431663513 0.3719601333141327 0.40494853258132935 0.29379136705053954 0.2634585275388332 0.23964986205101013 0.17422831058502197 285.21220170252184
47199.999999999985 45000.0 0.5007061958312988 0.5047169327735901 0.317487508058548 0.34306854009628296 0.1969045774461856 0.20007168586753807 0.18321868777275085 0.16164839267730713 271.2231553536681
42900.0 40900.00000000003 0.5797104835510254 0.5425905585289001 0.37471306324005127 0.3898340165615082 0.26394424060153265 0.23122476475229234 0.20499742031097412 0.15275654196739197 269.3640659033792
60900.0 60800.000000000015 0.5665751695632935 0.5669874548912048 0.3569263219833374 0.3871513605117798 0.2521186402771092 0.2524856970813561 0.20964884757995605 0.17983609437942505 263.04752422328556
45600.00000000001 43300.0 0.573474645614624 0.563922107219696 0.3889714479446411 0.43001317977905273 0.2582963830511761 0.24976301146635288 0.1845031976699829 0.1339089274406433 270.06665843824555
52200.0 53700.0 0.6544744372367859 0.6309914588928223 0.35733020305633545 0.3787294030189514 0.33641492739333884 0.31270645248338447 0.29714423418045044 0.25226205587387085 293.1381926668717
44700.0 39800.0 0.5807907581329346 0.59070885181427 0.3868262767791748 0.42234933376312256 0.26492886285808215 0.2740544377957669 0.19396448135375977 0.16835951805114746 268.2256512714621
56400.000000000015 56700.0 0.559240460395813 0.5419936776161194 0.3732171058654785 0.39918726682662964 0.2456331912065877 0.23071632340554443 0.18602335453033447 0.14280641078948975 263.4274093559742
43699.99999999999 43800.000000000015 0.6299543380737305 0.5732511281967163 0.36488986015319824 0.3960481286048889 0.3116793455707945 0.25809507514719965 0.2650644779205322 0.1772029995918274 257.12448347055556
52999.999999999985 54700.000000000015 0.5906188488006592 0.5587945580482483 0.3444722890853882 0.3572624921798706 0.2739709318651217 0.2452416431735053 0.246146559715271 0.20153206586837769 276.08875384557047
46900.0 45600.0 0.6266449689865112 0.6401619911193848 0.3515913486480713 0.3834931254386902 0.3084132273301211 0.32186195957271835 0.27505362033843994 0.2566688656806946 286.6304240655552
45600.00000000001 45800.0 0.5295416116714478 0.5298193693161011 0.35028353333473206 0.38076838850975037 0.22023689073364533 0.2204679906960471 0.1792580783367157 0.1490509808063507 268.36542251191753
56400.0 59200.00000000001 0.6112921237945557 0.595340371131897 0.35218891501426697 0.37321579456329346 0.2934860625075735 0.278368794752748 0.2591032087802887 0.22212457656860352 277.2183255125822
47199.99999999999 46499.99999999999 0.6428377628326416 0.6308412551879883 0.40575870871543884 0.42440593242645264 0.3245582428164613 0.3125575944390994 0.23707905411720276 0.20643532276153564 262.37377917772193
50000.0 50200.0 0.6381674408912659 0.5607095956802368 0.3426661193370819 0.36265459656715393 0.3198594359543066 0.2469254524711528 0.29550132155418396 0.19805499911308289 283.1130516242584
46300.0 44199.99999999999 0.6318928599357605 0.6210991740226746 0.3799368143081665 0.42355018854141235 0.3136005224538072 0.30297848159584817 0.251956045627594 0.1975489854812622 259.1138745802702
52200.00000000001 49899.99999999999 0.5723662376403809 0.5707745552062988 0.36449897289276123 0.37911567091941833 0.2572988809099134 0.2558698355058648 0.20786726474761963 0.1916588842868805 256.28109567426156
48700.0 46399.99999999999 0.5729269981384277 0.5680550932884216 0.3559471368789673 0.38689544796943665 0.2578032912606291 0.25343745436216175 0.21697986125946045 0.18115964531898499 280.1446055165082
47700.0 47800.000000000015 0.6115929484367371 0.5496917963027954 0.3806508481502533 0.38771072030067444 0.29377499004348306 0.23731675015281137 0.23094210028648376 0.16198107600212097 270.0166661522951
59800.0 59900.000000000015 0.5914148092269897 0.5822387337684631 0.37917208671569824 0.380389541387558 0.2747098753092452 0.26625150349914445 0.2122427225112915 0.20184919238090515 272.1176216271192
52400.0 52899.99999999999 0.6018142104148865 0.6120437383651733 0.3613456189632416 0.38252297043800354 0.2844557768841744 0.2942082181008084 0.2404685914516449 0.2295207679271698 280.349781523011
52399.99999999999 54999.99999999999 0.634062647819519 0.6396266222000122 0.43130195140838623 0.43199068307876587 0.3157578972647475 0.321323836915618 0.2027606964111328 0.20763593912124634 276.1159176867571
53299.999999999985 54100.0 0.6378101110458374 0.5845965147018433 0.37716439366340637 0.38962268829345703 0.3195013376975495 0.26841224529562346 0.26064571738243103 0.19497382640838623 261.27571643763605
50099.99999999999 51600.0 0.5155606865882874 0.4891193211078644 0.3510096073150635 0.40970516204833984 0.20876104787546004 0.18789685827012248 0.16455107927322388 0.07941415905952454 268.09140232390894
41200.00000000001 38700.000000000015 0.6354798078536987 0.6262109279632568 0.3822072744369507 0.4005360007286072 0.3171709423098169 0.3079861349909372 0.25327253341674805 0.22567492723464966 251.44780770569466
50600.0 50200.0 0.6155656576156616 0.6165627837181091 0.39995718002319336 0.4363996386528015 0.2976039193902186 0.2985688497016451 0.21560847759246826 0.18016314506530762 264.04734423962685
48200.0 43500.0 0.5214706659317017 0.5176180601119995 0.34825706481933594 0.36231550574302673 0.21357462274219177 0.21043051738535137 0.17321360111236572 0.15530255436897278 264.15336454416024
42199.99999999999 39600.000000000015 0.6107913255691528 0.60601806640625 0.3930622339248657 0.3955184817314148 0.2930053853048694 0.28844367764838835 0.2177290916442871 0.2104995846748352 285.21220170252184
51999.99999999999 52200.00000000001 0.642569899559021 0.6351561546325684 0.3824051022529602 0.39810681343078613 0.3242878196224842 0.3168479509105604 0.2601647973060608 0.23704934120178223 281.04448046528154
46999.99999999999 45900.0 0.4201219081878662 0.4728456735610962 0.3623239994049072 0.3735029101371765 0.13862467472774487 0.1756017019185126 0.057797908782958984 0.09934276342391968 273.26360899322106
54000.0 53800.0 0.5605571866035461 0.6064082384109497 0.37390291690826416 0.39208781719207764 0.2467912348090338 0.2888152140209879 0.18665426969528198 0.21432042121887207 259.37810239108467
